9.11e-08 2.09e-10
    3.15     0.07
  128.47    98.72   102.25   269.99
   21.98     3.16
    2.01    -0.01    52.55
   20.00  1154.00    34.00
   34.41     2.28
9.10e-08 5.97e-09 1.41e-08
    0.45    11.39     0.46     0.47     0.48
11  1  7  6  8
    1.05   142.44
   30.00    30.00     0.38     0.08
    4.60     0.08
    4.80     1.20
   15.25     3.69
2.67e-07     2.20     4.70
    4.11     3.61     4.08     3.95
    4.24     4.77     5.50
   30.22    31.78    30.95    66.36
   65.28    61.50
