9.83e-08 4.50e-10
    2.75     0.04
  127.07   102.32    97.75   270.01
   21.98     2.79
    2.01    -0.01    52.54
   20.00  1154.00    43.00
   34.10     4.25
9.84e-08 6.55e-09 1.55e-08
    0.45    11.38     0.45     0.46     0.47
11  1  7  6  8
    1.06   142.13
   30.00    30.00     0.34     0.05
    4.58     0.08
    8.40     1.20
   15.24     3.71
2.35e-07     2.25     4.70
    4.11     3.61     4.08     3.94
    4.24     4.77     5.51
   30.18    31.55    30.72    66.24
   65.54    61.72
