9.53e-08 1.23e-09
    2.99     0.10
  119.99   102.86    95.00   270.00
   21.98     3.06
    2.01    -0.01    52.55
   20.00  1166.00    42.00
   34.72     4.44
9.65e-08 5.56e-09 1.44e-08
    0.45    11.38     0.45     0.46     0.48
11  1  7  6  8
    1.05   142.30
   30.00    30.00     0.33     0.05
    4.55     0.09
    6.80     1.20
   15.24     3.71
2.48e-07     2.21     4.70
    4.11     3.61     4.08     3.99
    4.24     4.77     5.50
   30.18    31.69    30.89    66.35
   65.41    61.43
