8.88e-08 6.13e-10
    3.10     0.02
  125.68    97.01   101.95   270.01
   21.98     3.11
    2.01    -0.01    52.55
   20.00  1161.00    34.00
   34.10     2.38
8.86e-08 5.74e-09 1.52e-08
    0.45    11.38     0.45     0.46     0.48
11  1  7  6  8
    1.05   142.48
   30.00    30.00     0.33     0.03
    4.51     0.08
    3.60     1.20
   15.24     3.71
2.41e-07     2.24     4.70
    4.11     3.61     4.08     4.06
    4.24     4.77     5.51
   30.14    31.60    30.75    66.29
   65.48    61.35
