1.01e-07 5.22e-10
    2.53     0.19
  130.00   106.16    95.00   269.99
   21.98     2.68
    2.01    -0.01    52.55
   20.00  1163.00    38.00
   34.10     3.28
9.99e-08 5.71e-09 1.16e-08
    0.45    11.38     0.45     0.46     0.47
11  1  7  6  8
    1.06   141.82
   30.00    30.00     0.33     0.05
    4.51     0.08
   12.40     1.20
   15.25     3.71
2.42e-07     2.25     4.70
    4.10     3.61     4.08     4.03
    4.24     4.77     5.50
   30.15    31.57    30.77    66.24
   65.36    61.58
