9.50e-08 2.18e-10
    2.81     0.04
  124.21   100.24   104.08   270.00
   21.98     2.81
    2.01    -0.01    52.55
   20.00  1163.00    28.00
   34.41     2.38
9.49e-08 5.43e-09 1.41e-08
    0.45    11.39     0.45     0.46     0.48
11  1  7  6  8
    1.05   142.43
   30.00    30.00     0.34     0.06
    4.60     0.09
    3.20     1.20
   15.24     3.70
2.64e-07     2.21     4.70
    4.10     3.61     4.09     4.02
    4.24     4.77     5.51
   30.20    31.80    30.88    66.41
   65.33    61.45
