    0.1      140.929      177.769     2.9486     3.4410 9.60e-08 5.94e-09  129.71  109.56  106.34  269.99     6.8
    1.2      142.050      178.358     2.9486     3.4410 9.60e-08 5.96e-09  129.72  109.58  106.34  270.01     6.8
    2.4      143.182      175.777     2.9326     3.5348 9.59e-08 6.04e-09  129.73  109.57  106.34  270.01     6.8
    3.5      144.315      177.928     2.9758     3.4097 9.56e-08 5.97e-09  129.73  109.57  106.34  270.00     6.4
    4.6      145.441      175.863     2.9458     3.5035 9.57e-08 6.03e-09  129.73  109.58  106.34  269.99     6.4
    5.7      146.557      173.061     2.9420     3.5035 9.64e-08 6.07e-09  129.73  109.57  106.34  269.99     6.4
    6.9      147.676      176.600     2.9261     3.5035 9.67e-08 5.97e-09  129.74  109.58  106.34  270.00     6.4
    8.0      148.785      177.158     2.9345     3.4410 9.53e-08 6.08e-09  129.74  109.59  106.34  270.01     6.4
    9.1      149.927      172.587     2.9505     3.4722 9.63e-08 5.99e-09  129.74  109.58  106.34  270.01     6.4
   10.2      151.051      175.350     2.9139     3.5348 9.60e-08 5.92e-09  129.74  109.58  106.34  270.00     6.4
   11.3      152.171      180.769     2.9279     3.5661 9.62e-08 5.94e-09  129.75  109.58  106.34  269.99     6.4
   12.5      153.307      175.260     2.9157     3.5035 9.49e-08 5.91e-09  129.75  109.57  106.34  269.99     6.4
   13.6      154.431      176.979     2.9270     3.5035 9.60e-08 5.94e-09  129.75  109.57  106.34  270.00     6.4
   14.7      155.543      174.770     2.9242     3.5035 9.53e-08 6.00e-09  129.76  109.57  106.34  270.00     6.4
   15.8      156.656      170.474     2.9223     3.4722 9.65e-08 6.04e-09  129.76  109.57  106.34  270.01     6.4
   16.9      157.771      172.435     2.9204     3.5035 9.61e-08 6.01e-09  129.77  109.57  106.34  270.00     6.4
   18.1      158.917      174.082     2.9420     3.5035 9.59e-08 6.08e-09  129.77  109.57  106.34  269.99     6.4
   19.2      160.032      176.263     2.9439     3.5035 9.59e-08 5.99e-09  129.77  109.58  106.34  269.99     6.4
   20.3      161.152      180.510     2.9495     3.3784 9.57e-08 5.91e-09  129.77  109.57  106.34  270.00     6.4
   21.4      162.265      179.752     2.9674     3.3784 9.57e-08 5.97e-09  129.77  109.57  106.34  270.00     6.4
   22.6      163.378      174.264     2.9467     3.4410 9.53e-08 5.89e-09  129.76  109.57  106.34  270.01     6.4
   23.7      164.511      174.861     2.9458     3.5035 9.53e-08 5.92e-09  129.76  109.57  106.34  270.00     6.8
   24.8      165.623      176.685     2.9345     3.4722 9.50e-08 6.00e-09  129.76  109.58  106.34  270.00     6.8
   25.9      166.736      173.107     2.9317     3.5035 9.63e-08 6.03e-09  129.76  109.58  106.34  269.99     6.8
   27.0      167.857      177.671     2.9458     3.4410 9.51e-08 5.98e-09  129.75  109.57  106.34  270.00     6.8
   28.2      168.980      179.682     2.9514     3.4097 9.55e-08 6.04e-09  129.75  109.57  106.34  270.00     6.8
   29.3      170.108      175.418     2.9214     3.4410 9.48e-08 5.97e-09  129.75  109.57  106.34  270.01     6.8
   30.4      171.231      174.695     2.9430     3.4097 9.57e-08 5.91e-09  129.75  109.58  106.34  270.00     6.8
   31.5      172.345      179.311     2.9326     3.4722 9.50e-08 5.98e-09  129.75  109.57  106.34  269.99     6.8
   32.6      173.466      176.731     2.9486     3.4722 9.51e-08 5.89e-09  129.75  109.57  106.34  269.99     6.8
   33.8      174.576      176.443     2.9120     3.4722 9.61e-08 5.91e-09  129.75  109.57  106.34  270.00     6.8
   34.9      175.710      175.701     2.9270     3.5035 9.52e-08 5.98e-09  129.77  109.57  106.34  270.01     6.8
   36.0      176.836      169.113     2.9157     3.5035 9.58e-08 5.91e-09  129.75  109.57  106.34  270.00     6.8
   37.1      177.956      176.350     2.9458     3.3784 9.61e-08 5.97e-09  129.75  109.57  106.34  269.99     6.8
   38.2      179.068      172.603     2.9157     3.4722 9.53e-08 6.03e-09  129.76  109.57  106.34  269.99     6.8
   39.4      180.183      178.667     2.9251     3.4722 9.51e-08 5.98e-09  129.76  109.57  106.34  269.99     6.8
   40.5      181.320      174.095     2.9176     3.5348 9.50e-08 6.03e-09  129.76  109.57  106.34  269.99     6.8
   41.6      182.432      176.099     2.9392     3.4722 9.55e-08 5.95e-09  129.77  109.57  106.34  270.01     6.8
   42.7      183.546      174.639     2.9345     3.4097 9.46e-08 5.90e-09  129.76  109.57  106.34  270.01     6.8
   43.8      184.654      170.802     2.9139     3.4722 9.55e-08 5.91e-09  129.75  109.58  106.34  269.99     6.8
   44.9      185.768      174.416     2.9186     3.5348 9.56e-08 5.89e-09  129.77  109.58  106.34  269.99     6.8
   46.1      186.913      178.381     2.9223     3.5035 9.54e-08 5.90e-09  129.77  109.58  106.34  270.00     6.8
   47.2      188.035      174.721     2.9486     3.5348 9.50e-08 6.04e-09  129.76  109.58  106.34  270.02     6.8
   48.3      189.153      176.827     2.9186     3.5035 9.41e-08 6.01e-09  129.75  109.57  106.34  270.01     6.8
   49.5      190.272      177.536     2.9242     3.5348 9.56e-08 5.97e-09  129.75  109.57  106.34  270.00     6.8
   50.6      191.412      176.038     2.9120     3.4722 9.58e-08 6.03e-09  129.75  109.57  106.34  269.99     6.8
   51.7      192.528      180.011     2.9223     3.5348 9.48e-08 5.96e-09  129.75  109.57  106.34  270.00     6.8
   52.8      193.645      174.406     2.8970     3.5035 9.52e-08 5.88e-09  129.75  109.57  106.34  270.00     6.8
   53.9      194.760      173.267     2.9420     3.5035 9.52e-08 5.97e-09  129.75  109.57  106.34  270.00     6.8
   55.1      195.884      174.543     2.9345     3.4722 9.51e-08 5.86e-09  129.75  109.57  106.34  270.00     6.8
   56.2      197.019      173.415     2.9279     3.5348 9.50e-08 5.91e-09  129.75  109.57  106.34  270.00     6.8
   57.3      198.138      175.609     2.9233     3.4410 9.55e-08 5.97e-09  129.76  109.57  106.34  269.99     6.8
   58.4      199.249      177.695     2.9195     3.5035 9.53e-08 6.00e-09  129.75  109.57  106.34  270.00     6.8
   59.5      200.366      175.271     2.9289     3.3784 9.56e-08 5.95e-09  129.75  109.57  106.34  270.00     6.8
    0.1      384.821      176.505     2.9617     3.1594 9.33e-08 6.12e-09  125.17   97.71   97.32  269.99     6.0
    1.2      385.931      175.586     3.0387     2.9717 9.24e-08 6.08e-09  125.17   97.72   97.31  269.99     6.0
    2.3      387.049      172.696     3.0246     3.0969 9.39e-08 6.00e-09  125.17   97.72   97.32  270.00     6.0
    3.4      388.162      171.672     3.1025     3.7538 9.36e-08 6.06e-09  125.18   97.72   97.32  270.00     6.0
    4.5      389.275      177.828     2.8623     3.7225 9.28e-08 6.05e-09  125.19   97.73   97.32  270.00     6.0
    5.7      390.415      162.531     2.7966     3.7538 9.34e-08 6.19e-09  125.18   97.73   97.32  269.99     6.0
    6.8      391.526      148.371     3.1203     3.1907 9.34e-08 6.15e-09  125.18   97.74   97.32  269.99     6.0
    7.9      392.659      180.371     3.0368     2.9405 9.31e-08 6.16e-09  125.19   97.74   97.32  269.99     6.0
    9.0      393.766      168.351     2.9833     3.0030 9.32e-08 6.13e-09  125.19   97.75   97.32  270.00     6.0
   10.2      394.905      168.835     3.0987     3.0343 9.29e-08 6.14e-09  125.19   97.75   97.32  270.00     6.0
   11.3      396.021      170.531     3.0931     3.0656 9.35e-08 6.06e-09  125.19   97.75   97.32  270.00     6.0
   12.4      397.138      161.405     3.0640     3.0030 9.32e-08 5.99e-09  125.19   97.75   97.32  270.00     6.0
   13.5      398.253      172.539     2.8538     3.3158 9.36e-08 6.12e-09  125.19   97.75   97.32  269.99     6.0
   14.6      399.374      156.422     2.9664     2.8779 9.32e-08 6.03e-09  125.19   97.75   97.32  270.00     6.0
   15.7      400.488      151.928     3.1325     3.0969 9.31e-08 6.15e-09  125.19   97.75   97.32  270.01     6.0
   16.9      401.622      155.738     3.0837     3.0343 9.28e-08 6.12e-09  125.19   97.75   97.32  270.00     6.0
   18.0      402.734      185.093     2.9946     3.0343 9.32e-08 6.21e-09  125.18   97.75   97.32  269.99     6.0
   19.1      403.857      149.170     2.7872     3.6912 9.26e-08 6.23e-09  125.18   97.74   97.32  270.00     6.4
   20.2      404.966      143.969     2.8041     3.7538 9.42e-08 6.15e-09  125.18   97.74   97.32  270.00     6.4
   21.3      406.081      156.481     2.8219     3.5974 9.30e-08 6.00e-09  125.18   97.74   97.32  270.00     6.4
   22.5      407.214      163.261     3.0133     3.2220 9.25e-08 5.99e-09  125.18   97.73   97.32  270.00     6.4
   23.6      408.328      181.440     2.8876     3.0343 9.34e-08 6.02e-09  125.17   97.74   97.32  269.99     6.4
   24.7      409.446      173.552     3.0096     3.0969 9.35e-08 6.03e-09  125.18   97.74   97.32  270.00     6.4
   25.8      410.544      174.857     3.1194     3.0969 9.22e-08 6.08e-09  125.17   97.74   97.32  270.00     6.4
   26.9      411.665      167.699     3.0237     2.9717 9.31e-08 6.13e-09  125.18   97.74   97.32  270.02     6.4
   28.0      412.779      159.602     3.0987     3.0656 9.22e-08 6.09e-09  125.18   97.74   97.32  270.00     6.4
   29.2      413.916      181.787     2.9486     3.3784 9.34e-08 6.18e-09  125.19   97.74   97.32  270.00     6.4
   30.3      415.030      160.477     2.8867     3.2220 9.33e-08 6.10e-09  125.18   97.75   97.32  269.99     6.4
   31.4      416.143      154.865     3.1006     3.0656 9.30e-08 5.99e-09  125.19   97.75   97.32  269.99     6.4
   32.5      417.261      169.270     2.7815     3.8476 9.33e-08 5.94e-09  125.19   97.75   97.32  269.99     6.4
   33.6      418.377      182.922     3.0697     3.0343 9.29e-08 6.04e-09  125.19   97.75   97.32  270.01     6.4
   34.8      419.508      181.068     3.0668     3.0343 9.34e-08 6.00e-09  125.19   97.75   97.32  270.02     6.4
   35.9      420.627      182.176     3.0040     3.0343 9.26e-08 6.04e-09  125.19   97.75   97.32  270.01     6.4
   37.0      421.746      182.828     2.7731     3.7851 9.35e-08 6.16e-09  125.18   97.75   97.32  270.01     6.4
   38.1      422.866      182.845     3.0734     3.0656 9.24e-08 6.11e-09  125.19   97.74   97.32  270.00     6.4
   39.2      423.979      182.267     2.7844     3.6912 9.30e-08 6.09e-09  125.18   97.74   97.32  269.99     6.0
   40.4      425.112      170.140     3.0246     3.0343 9.28e-08 6.14e-09  125.18   97.74   97.32  269.99     6.0
   41.5      426.234      182.009     3.0546     3.0656 9.26e-08 6.04e-09  125.18   97.75   97.32  270.00     6.0
   42.6      427.341      185.614     3.0096     3.2533 9.30e-08 6.05e-09  125.18   97.75   97.32  270.01     6.0
   43.7      428.456      181.514     3.0077     3.1594 9.30e-08 6.01e-09  125.18   97.75   97.32  270.01     6.0
   44.8      429.567      183.859     2.9955     3.2533 9.32e-08 6.01e-09  125.18   97.74   97.32  270.00     6.0
   45.9      430.684      173.537     3.0377     2.9717 9.26e-08 6.13e-09  125.18   97.74   97.32  269.99     6.0
   47.1      431.827      167.747     3.0987     3.0656 9.32e-08 6.05e-09  125.18   97.75   97.32  269.99     6.0
   48.2      432.959      182.939     3.0415     3.8163 9.31e-08 6.02e-09  125.18   97.75   97.32  269.99     6.0
   49.3      434.074      178.904     3.0199     3.5348 9.25e-08 6.18e-09  125.18   97.75   97.32  270.00     6.0
   50.5      435.210      176.194     3.0743     3.0969 9.29e-08 6.03e-09  125.18   97.75   97.32  270.01     6.0
   51.6      436.326      166.580     2.7975     3.0343 9.25e-08 6.07e-09  125.18   97.75   97.32  270.00     6.0
   52.7      437.447      172.078     3.0209     3.8476 9.26e-08 6.06e-09  125.19   97.75   97.32  269.99     6.0
   53.8      438.562      185.820     3.0499     3.0969 9.25e-08 6.12e-09  125.18   97.74   97.32  269.99     6.0
   54.9      439.684      168.195     2.9430     3.3158 9.26e-08 6.00e-09  125.18   97.75   97.32  270.00     6.0
   56.1      440.821      163.508     3.0462     3.0656 9.23e-08 5.98e-09  125.19   97.74   97.32  270.00     6.0
   57.2      441.938      181.739     2.9552     3.4097 9.23e-08 5.95e-09  125.19   97.74   97.32  270.01     6.0
   58.3      443.055      180.877     3.0471     3.1281 9.26e-08 6.08e-09  125.19   97.75   97.32  269.99     6.0
   59.4      444.168      184.317     3.0171     3.0969 9.24e-08 6.14e-09  125.18   97.74   97.32  269.98     6.4
    0.0      711.266      144.184     3.0143     5.3491 9.26e-08 5.80e-09  129.81  106.22  106.65  270.00     5.6
    1.2      712.410      150.057     3.0011     5.0676 9.29e-08 5.84e-09  129.81  106.22  106.65  270.02     5.6
    2.3      713.519      141.617     2.9955     5.0989 9.24e-08 5.75e-09  129.81  106.22  106.64  270.01     5.6
    3.4      714.638      144.151     2.9843     4.9425 9.23e-08 5.73e-09  129.81  106.23  106.64  270.00     5.6
    4.5      715.747      145.115     2.9758     5.0676 9.27e-08 5.78e-09  129.82  106.23  106.64  269.99     5.6
    5.6      716.870      148.440     3.0077     5.0050 9.27e-08 5.72e-09  129.81  106.22  106.64  269.99     5.6
    6.8      717.982      146.129     2.9721     5.0676 9.38e-08 5.78e-09  129.82  106.22  106.65  270.00     5.6
    7.9      719.109      144.872     2.9833     5.1614 9.26e-08 5.87e-09  129.82  106.22  106.64  270.00     5.6
    9.0      720.228      144.202     2.9796     5.0989 9.21e-08 5.86e-09  129.82  106.22  106.64  270.00     5.6
   10.1      721.348      163.485     2.9974     4.9112 9.22e-08 5.83e-09  129.82  106.22  106.65  270.01     5.6
   11.2      722.473      148.694     3.0115     5.0989 9.24e-08 5.84e-09  129.82  106.22  106.64  269.99     5.6
   12.4      723.583      145.051     2.9692     5.1614 9.29e-08 5.76e-09  129.82  106.22  106.65  269.99     5.6
   13.5      724.716      151.813     2.9908     5.0363 9.29e-08 5.74e-09  129.82  106.21  106.64  269.99     5.6
   14.6      725.839      141.573     2.9758     5.1302 9.29e-08 5.78e-09  129.82  106.21  106.64  270.00     5.6
   15.7      726.958      152.844     3.0387     4.9738 9.27e-08 5.71e-09  129.82  106.21  106.65  270.02     5.6
   16.8      728.071      143.626     3.0302     4.9425 9.25e-08 5.80e-09  129.82  106.22  106.64  270.01     5.6
   18.0      729.210      143.443     2.9692     5.0363 9.28e-08 5.85e-09  129.82  106.22  106.65  269.99     5.6
   19.1      730.327      142.673     2.9871     5.0363 9.23e-08 5.76e-09  129.82  106.22  106.65  270.00     5.6
   20.2      731.448      145.170     2.9711     5.0050 9.30e-08 5.87e-09  129.82  106.22  106.65  270.01     5.6
   21.3      732.557      141.167     2.9392     5.0989 9.31e-08 5.85e-09  129.82  106.23  106.64  269.99     5.6
   22.4      733.673      141.599     3.0396     4.8799 9.18e-08 5.78e-09  129.81  106.22  106.64  270.00     5.6
   23.6      734.785      144.286     3.0011     5.0989 9.29e-08 5.88e-09  129.81  106.22  106.65  269.99     5.6
   24.7      735.913      139.848     2.8200     4.9425 9.23e-08 5.79e-09  129.81  106.22  106.65  269.99     5.6
   25.8      737.032      142.436     3.0265     4.9112 9.27e-08 5.72e-09  129.82  106.22  106.65  269.99     5.6
   26.9      738.146      139.721     2.9936     5.0363 9.31e-08 5.77e-09  129.82  106.21  106.64  270.00     5.6
   28.0      739.264      143.958     3.0105     5.0676 9.25e-08 5.73e-09  129.82  106.21  106.64  270.01     5.6
   29.2      740.380      144.128     3.0396     5.1302 9.38e-08 5.77e-09  129.82  106.21  106.64  270.01     5.6
   30.3      741.520      145.610     2.9796     4.8486 9.26e-08 5.88e-09  129.82  106.22  106.64  270.00     5.6
   31.4      742.633      143.889     2.9814     5.1614 9.28e-08 5.86e-09  129.82  106.21  106.65  269.99     5.6
   32.5      743.743      140.633     3.0133     4.9738 9.32e-08 5.76e-09  129.82  106.21  106.65  269.99     5.6
   33.6      744.868      136.870     2.9477     5.0676 9.32e-08 5.87e-09  129.82  106.22  106.65  270.00     5.6
   34.8      745.989      136.365     2.9861     5.0050 9.23e-08 5.78e-09  129.82  106.22  106.65  270.00     5.6
   35.9      747.124      143.970     2.8716     5.0363 9.27e-08 5.73e-09  129.82  106.22  106.64  270.01     5.6
   37.0      748.238      147.990     2.9955     4.9425 9.21e-08 5.79e-09  129.82  106.22  106.64  270.00     5.6
   38.1      749.354      141.714     2.9889     5.0989 9.25e-08 5.74e-09  129.82  106.22  106.64  269.99     5.6
   39.2      750.471      148.255     3.0265     5.0363 9.28e-08 5.78e-09  129.82  106.22  106.64  269.99     5.6
   40.4      751.607      141.570     3.0227     5.0363 9.28e-08 5.87e-09  129.82  106.22  106.64  269.99     5.6
   41.5      752.712      158.158     2.9861     5.1302 9.36e-08 5.88e-09  129.82  106.22  106.64  270.01     5.6
   42.6      753.839      145.354     3.0190     4.9738 9.31e-08 5.86e-09  129.82  106.22  106.64  270.00     5.6
   43.7      754.945      144.285     2.9758     5.0363 9.29e-08 5.88e-09  129.82  106.22  106.64  270.00     5.6
   44.8      756.066      141.222     3.0087     5.0989 9.30e-08 5.77e-09  129.82  106.22  106.64  269.99     5.6
   46.0      757.175      144.362     2.9796     5.0676 9.31e-08 5.76e-09  129.82  106.21  106.64  270.00     5.6
   47.1      758.316      146.544     2.9861     5.0676 9.26e-08 5.78e-09  129.81  106.21  106.64  270.00     5.6
   48.2      759.442      142.252     2.9852     5.1302 9.27e-08 5.75e-09  129.81  106.21  106.64  270.00     5.6
   49.3      760.553      140.968     2.9786     5.1302 9.32e-08 5.81e-09  129.82  106.22  106.65  270.00     5.6
   50.4      761.668      144.102     2.9505     5.1302 9.28e-08 5.88e-09  129.82  106.22  106.65  270.01     5.6
   51.6      762.777      143.249     3.0340     5.0363 9.31e-08 5.77e-09  129.82  106.22  106.65  270.00     5.6
   52.7      763.915      138.969     2.9889     5.0676 9.26e-08 5.83e-09  129.82  106.22  106.64  269.99     5.2
   53.8      765.029      139.130     3.0115     4.9112 9.15e-08 5.89e-09  129.81  106.23  106.64  269.99     5.2
   54.9      766.147      147.102     2.9627     5.0989 9.34e-08 5.75e-09  129.82  106.22  106.64  270.00     5.2
   56.0      767.258      142.196     3.0133     5.0363 9.29e-08 5.75e-09  129.82  106.22  106.64  270.01     5.2
   57.2      768.380      149.503     3.0124     4.8486 9.26e-08 5.79e-09  129.82  106.22  106.64  270.00     5.2
   58.3      769.510      140.542     3.0218     5.0676 9.32e-08 5.75e-09  129.82  106.22  106.64  269.99     5.2
   59.4      770.630      136.927     3.0058     4.8486 9.21e-08 5.81e-09  129.82  106.22  106.65  269.99     5.2
