9.91e-08 2.48e-10
    3.26     0.07
  122.20    99.76    96.83   269.99
   21.98     3.30
    2.01    -0.01    57.45
   20.00  1207.00    23.00
   33.78     4.94
9.92e-08 5.99e-09 1.46e-08
    0.45    11.53     0.42     0.47     0.47
 3  1  8  6  7
    0.00     0.42
   30.00    30.00    82.02    80.80
   39.22   111.14
    4.00     1.20
   15.24     3.69
2.70e-07     2.22     4.70
    4.11     3.61     4.08     4.14
    4.24     4.77     5.53
   30.20    31.72    30.91    66.26
   65.43    61.57
