1.02e-07 1.54e-10
    3.28     0.03
  130.00   102.80   107.02   270.01
   21.98     3.33
    2.01    -0.01    57.47
   20.00  1211.00    25.00
   34.41     4.00
1.02e-07 9.14e-09 1.66e-08
    0.45    11.53     0.42     0.46     0.47
 3  1  8  6  7
    0.00     0.39
   30.00    30.00    80.89    79.95
   39.29   111.06
    3.20     1.20
   15.24     3.72
2.60e-07     2.22     4.70
    4.11     3.61     4.09     3.94
    4.24     4.77     5.51
   30.12    31.69    30.80    66.15
   65.15    61.38
