1.03e-07 9.17e-11
    3.28     0.01
  128.78   101.15   106.09   270.01
   21.98     3.29
    2.01    -0.01    57.46
   20.00  1191.00    23.00
   34.10     4.22
1.03e-07 7.85e-09 1.57e-08
    0.45    11.53     0.42     0.46     0.47
 3  1  8  6  7
    0.00     0.38
   30.00    30.00    81.17    79.95
   39.15   111.16
    2.80     1.20
   15.24     3.71
2.47e-07     2.24     4.70
    4.11     3.61     4.08     4.04
    4.24     4.77     5.53
   30.18    31.55    30.84    66.10
   65.59    61.83
