1.06e-07 3.49e-10
    3.18     0.10
  120.00    97.02    95.00   270.01
   21.98     3.23
    2.01    -0.01    57.46
   20.00  1214.00    20.00
   34.10     5.19
1.07e-07 9.66e-09 1.65e-08
    0.45    11.53     0.42     0.46     0.47
 3  1  8  6  7
    0.00     0.38
   30.00    30.00    81.47    80.22
   39.22   111.08
    4.00     1.20
   15.24     3.72
2.53e-07     2.23     4.70
    4.11     3.61     4.08     4.00
    4.24     4.77     5.51
   30.12    31.63    30.85    66.14
   65.28    61.48
