1.10e-07 3.51e-10
    2.83     0.11
  119.60   103.64    95.91   270.01
   21.98     2.90
    2.01    -0.01    57.45
   20.00  1216.00    20.00
   33.78     4.04
1.10e-07 2.40e-08 2.87e-08
    0.45    11.53     0.41     0.46     0.46
 3  1  8  6  7
    0.00     0.36
   30.00    30.00    30.92    29.61
   39.14   111.14
    5.20     1.20
   15.24     3.70
2.55e-07     2.22     4.70
    4.11     3.61     4.08     4.15
    4.24     4.77     5.52
   30.14    31.67    30.79    66.13
   65.35    61.61
