1.02e-07 1.51e-10
    3.32     0.06
  130.00   101.28   103.78   270.01
   21.98     3.22
    2.01    -0.01    57.46
   20.00  1193.00    25.00
   34.10     4.13
1.01e-07 7.51e-09 1.48e-08
    0.44    11.53     0.42     0.46     0.47
 3  1  8  6  7
    0.00     0.37
   30.00    30.00    81.19    79.66
   39.12   111.17
    4.00     1.60
   15.24     3.71
2.39e-07     2.26     4.70
    4.11     3.61     4.09     4.15
    4.24     4.77     5.53
   30.12    31.48    30.77    66.07
   65.50    61.66
