1.04e-07 4.50e-10
    3.24     0.01
  120.01    97.01    97.19   270.00
   21.98     3.25
    2.01    -0.01    57.46
   20.00  1194.00    22.00
   33.78     4.22
1.04e-07 1.21e-08 1.79e-08
    0.45    11.53     0.42     0.46     0.47
 3  1  8  6  7
    0.00     0.36
   30.00    30.00    80.35    79.08
   39.05   111.19
    2.80     1.20
   15.24     3.71
2.40e-07     2.19     4.70
    4.11     3.61     4.09     4.11
    4.24     4.77     5.53
   30.12    31.47    30.77    66.00
   65.57    61.55
