1.03e-07 3.18e-10
    3.30     0.01
  123.42   100.19   101.89   270.00
   21.98     3.29
    2.01    -0.01    57.46
   20.00  1213.00    23.00
   34.10     5.54
1.03e-07 7.74e-09 1.52e-08
    0.45    11.53     0.42     0.46     0.47
 3  1  8  6  7
    0.00     0.38
   30.00    30.00    80.89    79.66
   39.18   111.17
    2.80     1.20
   15.24     3.71
2.42e-07     2.25     4.70
    4.10     3.61     4.08     4.09
    4.24     4.77     5.53
   30.07    31.48    30.75    66.06
   65.22    61.42
