1.04e-07 5.09e-10
    3.12     0.04
  120.00    98.17    99.03   269.99
   21.98     3.18
    2.01    -0.01    57.45
   20.00  1213.00    22.00
   33.78     4.13
1.05e-07 5.99e-09 1.37e-08
    0.45    11.53     0.42     0.46     0.47
 3  1  8  6  7
    0.00     0.38
   30.00    30.00    81.47    80.50
   39.24   111.14
    2.80     1.20
   15.24     3.71
2.54e-07     2.22     4.70
    4.11     3.61     4.08     3.99
    4.24     4.77     5.51
   30.15    31.65    30.86    66.21
   65.32    61.38
