1.03e-07 1.55e-10
    3.27     0.09
  127.07   100.43   102.07   269.99
   21.98     3.32
    2.01    -0.01    57.45
   20.00  1188.00    22.00
   33.78     4.07
1.03e-07 1.44e-08 1.98e-08
    0.45    11.53     0.42     0.46     0.47
 3  1  8  6  7
    0.00     0.37
   30.00    30.00    80.06    78.80
   39.20   111.19
    3.60     1.20
   15.24     3.71
2.43e-07     2.25     4.70
    4.11     3.61     4.09     4.15
    4.24     4.77     5.53
   30.12    31.48    30.69    66.01
   65.47    61.50
