1.11e-07 2.42e-10
    2.89     0.11
  120.00   102.93    95.00   270.00
   21.98     2.56
    2.01    -0.01    57.46
   20.00  1187.00    22.00
   33.78     5.54
1.10e-07 5.20e-09 1.40e-08
    0.45    11.53     0.42     0.47     0.47
 3  1  8  6  7
    0.00     0.41
   30.00    30.00    80.91    79.69
   39.20   111.16
    4.40     1.20
   15.24     3.71
2.65e-07     2.22     4.70
    4.11     3.61     4.08     3.97
    4.24     4.77     5.52
   30.16    31.64    30.84    66.19
   65.25    61.42
