1.04e-07 2.19e-10
    3.36     0.01
  124.27   103.23   103.72   270.00
   21.98     3.36
    2.01    -0.01    57.46
   20.00  1193.00    22.00
   34.10     4.29
1.04e-07 6.70e-09 1.35e-08
    0.45    11.53     0.42     0.46     0.47
 3  1  8  6  7
    0.00     0.36
   30.00    30.00    80.05    78.80
   39.15   111.17
    3.20     1.60
   15.24     3.72
2.38e-07     2.25     4.70
    4.11     3.61     4.08     3.95
    4.24     4.77     5.52
   30.13    31.48    30.70    66.10
   65.51    61.41
