1.02e-07 2.04e-10
    3.26     0.02
  122.99   102.74   100.85   269.99
   21.98     3.24
    2.01    -0.01    57.46
   20.00  1219.00    22.00
   34.10     4.07
1.02e-07 8.37e-09 1.64e-08
    0.45    11.53     0.42     0.47     0.47
 3  1  8  6  7
    0.00     0.41
   30.00    30.00    81.75    80.53
   39.24   111.10
    3.60     1.20
   15.23     3.69
2.70e-07     2.21     4.70
    4.11     3.61     4.08     3.96
    4.24     4.78     5.53
   30.16    31.71    30.82    66.20
   65.23    61.55
