1.02e-07 1.60e-10
    3.06     0.02
  127.13    97.01   107.01   270.00
   21.98     3.08
    2.01    -0.01    57.46
   20.00  1211.00    15.00
   34.10     2.41
1.03e-07 8.44e-09 1.62e-08
    0.45    11.53     0.42     0.46     0.47
 3  1  8  6  7
    0.00     0.40
   30.00    30.00    81.19    79.95
   39.22   111.06
    2.00     0.80
   15.24     3.69
2.65e-07     2.21     4.70
    4.11     3.61     4.07     4.11
    4.24     4.77     5.51
   30.14    31.71    30.89    66.19
   65.19    61.49
