1.05e-07 1.42e-10
    3.12     0.03
  123.78   107.50   106.95   270.00
   21.98     3.17
    2.01    -0.01    57.46
   20.00  1186.00    25.00
   34.10     5.72
1.06e-07 6.26e-09 1.35e-08
    0.45    11.53     0.42     0.46     0.47
 3  1  8  6  7
    0.00     0.37
   30.00    30.00    80.91    79.66
   39.25   111.14
    2.80     1.60
   15.24     3.71
2.47e-07     2.24     4.70
    4.11     3.61     4.07     4.11
    4.24     4.77     5.52
   30.16    31.54    30.83    66.15
   65.59    61.49
