1.16e-07 5.27e-10
    2.45     0.05
  120.01   110.00    95.01   269.99
   21.98     2.59
    2.01    -0.01    57.46
   20.00  1217.00    23.00
   34.10     7.32
1.16e-07 6.15e-09 1.31e-08
    0.45    11.53     0.42     0.46     0.46
 3  1  8  6  7
    0.00     0.36
   30.00    30.00    80.35    79.08
   39.12   111.19
    6.80     1.60
   15.24     3.71
2.34e-07     2.21     4.70
    4.10     3.61     4.08     4.03
    4.24     4.77     5.52
   30.09    31.44    30.75    66.07
   65.44    61.18
