1.06e-07 1.50e-10
    3.01     0.10
  129.08    97.01    98.36   270.01
   21.98     2.94
    2.01    -0.01    57.46
   20.00  1216.00    16.00
   33.78     4.85
1.07e-07 1.52e-08 2.03e-08
    0.45    11.53     0.42     0.46     0.47
 3  1  8  6  7
    0.00     0.37
   30.00    30.00    80.91    79.67
   39.07   111.17
    4.40     1.20
   15.24     3.71
2.46e-07     2.31     4.70
    4.10     3.61     4.08     4.05
    4.24     4.77     5.53
   30.11    31.53    30.76    66.03
   65.38    61.37
