1.02e-07 2.54e-10
    3.25     0.01
  126.59    97.01   103.54   270.00
   21.98     3.21
    2.01    -0.01    57.46
   20.00  1210.00    19.00
   34.10     3.97
1.03e-07 6.79e-09 1.34e-08
    0.45    11.53     0.41     0.46     0.47
 3  1  8  6  7
    0.00     0.38
   30.00    30.00    80.92    79.64
   39.15   111.19
    2.80     0.80
   15.24     3.71
2.41e-07     2.20     4.70
    4.11     3.61     4.09     4.12
    4.24     4.77     5.53
   30.06    31.41    30.76    66.05
   65.39    61.26
