1.04e-07 8.38e-11
    3.29     0.03
  127.01   101.22   106.77   270.00
   21.98     3.26
    2.01    -0.01    57.46
   20.00  1194.00    22.00
   33.78     5.07
1.04e-07 1.09e-08 1.71e-08
    0.45    11.53     0.42     0.46     0.47
 3  1  8  6  7
    0.00     0.36
   30.00    30.00    81.21    79.94
   39.25   111.14
    2.40     1.20
   15.24     3.72
2.43e-07     2.25     4.70
    4.11     3.61     4.07     3.96
    4.24     4.77     5.52
   30.13    31.52    30.74    66.06
   65.57    61.64
