1.06e-07 3.04e-10
    2.89     0.06
  124.88   110.00   102.49   270.00
   21.98     3.00
    2.01    -0.01    57.45
   20.00  1205.00    25.00
   33.78     6.16
1.06e-07 5.78e-09 1.40e-08
    0.45    11.53     0.42     0.46     0.47
 3  1  8  6  7
    0.00     0.40
   30.00    30.00    82.03    80.81
   39.22   111.13
    4.80     1.60
   15.24     3.70
2.65e-07     2.24     4.70
    4.10     3.61     4.08     3.97
    4.24     4.77     5.52
   30.19    31.70    30.86    66.26
   65.35    61.52
