1.04e-07 3.68e-10
    3.33     0.01
  122.75    99.58   100.37   270.00
   21.98     3.32
    2.01    -0.01    57.46
   20.00  1191.00    22.00
   33.78     5.57
1.04e-07 1.27e-08 1.85e-08
    0.45    11.53     0.42     0.46     0.47
 3  1  8  6  7
    0.00     0.36
   30.00    30.00    79.80    78.25
   39.20   111.19
    3.20     1.60
   15.24     3.71
2.38e-07     2.26     4.70
    4.11     3.61     4.08     4.05
    4.24     4.77     5.53
   30.08    31.44    30.73    65.97
   65.34    61.38
