1.12e-07 2.33e-10
    2.63     0.07
  130.00   110.00    95.00   270.00
   21.98     2.39
    2.01    -0.01    57.46
   20.00  1207.00    26.00
   35.04     5.91
1.13e-07 6.21e-09 1.30e-08
    0.45    11.53     0.41     0.46     0.47
 3  1  8  6  7
    0.00     0.34
   30.00    30.00    80.91    79.36
   39.12   111.19
   10.40     2.00
   15.25     3.72
2.33e-07     2.21     4.70
    4.10     3.61     4.08     3.97
    4.24     4.77     5.50
   30.07    31.41    30.68    66.04
   65.36    61.19
