1.02e-07 2.42e-10
    3.34     0.10
  126.89   100.06   100.19   269.99
   21.98     3.28
    2.01    -0.01    57.46
   20.00  1195.00    23.00
   33.78     3.25
1.02e-07 6.00e-09 1.45e-08
    0.45    11.53     0.42     0.46     0.47
 3  1  8  6  7
    0.00     0.39
   30.00    30.00    79.17    77.98
   39.12   111.19
    4.00     1.20
   15.24     3.71
2.55e-07     2.23     4.70
    4.11     3.61     4.08     3.99
    4.24     4.77     5.52
   30.19    31.55    30.83    66.15
   65.44    61.67
