1.02e-07 1.19e-10
    3.32     0.02
  127.69   102.86   104.45   270.00
   21.98     3.35
    2.01    -0.01    57.45
   20.00  1192.00    25.00
   34.10     4.16
1.02e-07 8.29e-09 1.62e-08
    0.45    11.53     0.42     0.46     0.47
 3  1  8  6  7
    0.00     0.39
   30.00    30.00    80.61    79.38
   39.22   111.14
    3.60     1.20
   15.24     3.71
2.55e-07     2.23     4.70
    4.11     3.61     4.08     4.02
    4.24     4.77     5.52
   30.16    31.65    30.85    66.16
   65.34    61.63
