1.03e-07 1.24e-10
    3.28     0.01
  120.00   102.25    99.39   270.00
   21.98     3.28
    2.01    -0.01    57.45
   20.00  1183.00    20.00
   33.78     4.50
1.03e-07 2.07e-08 2.58e-08
    0.45    11.53     0.42     0.46     0.47
 3  1  8  6  7
    0.00     0.38
   30.00    30.00    76.58    75.18
   39.17   111.16
    3.20     1.60
   15.24     3.71
2.54e-07     2.23     4.70
    4.10     3.61     4.08     4.11
    4.24     4.77     5.54
   30.12    31.61    30.78    66.09
   65.36    61.24
