1.04e-07 8.55e-11
    3.33     0.01
  125.25   102.50   103.91   269.99
   21.98     3.34
    2.01    -0.01    57.46
   20.00  1186.00    22.00
   33.78     4.19
1.04e-07 1.03e-08 1.69e-08
    0.45    11.53     0.42     0.46     0.47
 3  1  8  6  7
    0.00     0.37
   30.00    30.00    80.91    79.66
   39.22   111.13
    3.20     1.20
   15.24     3.71
2.48e-07     2.24     4.70
    4.10     3.61     4.08     4.02
    4.24     4.77     5.53
   30.10    31.56    30.78    66.10
   65.30    61.44
