    0.1      222.880      133.703     2.7787     6.7881 1.11e-07 5.25e-09  123.23  108.42   95.61  269.99     6.8
    1.1      223.961      138.277     2.8097     6.6630 1.11e-07 5.19e-09  123.23  108.42   95.61  270.00     6.8
    2.2      225.042      135.342     2.7571     6.4127 1.11e-07 5.25e-09  123.23  108.42   95.61  269.99     6.8
    3.3      226.116      119.122     2.7647     6.8194 1.11e-07 5.17e-09  123.23  108.42   95.61  270.00     6.8
    4.3      227.178      132.462     2.8970     6.3501 1.11e-07 5.18e-09  123.22  108.41   95.61  270.00     6.8
    5.4      228.271      130.354     2.7365     6.9445 1.11e-07 5.25e-09  123.23  108.41   95.61  270.00     6.8
    6.5      229.365      128.909     2.8238     6.2250 1.11e-07 5.32e-09  123.23  108.40   95.61  269.99     6.8
    7.7      230.509      135.026     2.7205     6.6630 1.11e-07 5.27e-09  123.23  108.41   95.61  270.00     6.8
    8.8      231.606      131.688     2.7937     6.3501 1.11e-07 5.32e-09  123.23  108.40   95.61  270.00     6.8
    9.8      232.666      134.285     2.7797     6.6630 1.11e-07 5.30e-09  123.23  108.41   95.61  270.01     6.8
   10.9      233.745      134.789     2.7994     6.5378 1.11e-07 5.20e-09  123.24  108.42   95.61  270.00     6.8
   12.0      234.825      130.248     2.8350     6.9758 1.11e-07 5.19e-09  123.23  108.42   95.61  269.99     6.8
   13.1      235.903      120.562     2.7468     6.9132 1.11e-07 5.23e-09  123.23  108.42   95.61  269.99     6.8
   14.1      236.968      129.358     2.7975     7.1322 1.11e-07 5.35e-09  123.23  108.42   95.61  270.00     6.8
   15.2      238.052      134.499     2.7919     6.7881 1.11e-07 5.26e-09  123.24  108.42   95.61  270.00     6.8
   16.3      239.126      130.777     2.7712     6.5378 1.11e-07 5.33e-09  123.23  108.42   95.61  270.00     6.8
   17.4      240.211      128.583     2.8106     6.4753 1.11e-07 5.26e-09  123.23  108.42   95.61  270.00     6.8
   18.5      241.280      136.945     2.7937     6.5065 1.11e-07 5.20e-09  123.24  108.42   95.61  269.99     6.8
   19.5      242.370      118.236     2.7825     6.8194 1.11e-07 5.19e-09  123.23  108.42   95.61  269.99     6.8
   20.7      243.505      118.471     2.7891     6.4127 1.11e-07 5.19e-09  123.23  108.41   95.61  270.00     6.8
   21.8      244.607      124.348     2.7722     6.6630 1.11e-07 5.21e-09  123.24  108.41   95.61  270.00     6.8
   22.8      245.665      132.273     2.6990     6.5691 1.11e-07 5.23e-09  123.23  108.41   95.61  270.01     6.8
   23.9      246.739      121.429     2.7243     6.8819 1.11e-07 5.29e-09  123.24  108.41   95.61  270.01     6.8
   25.0      247.814      132.385     2.7722     6.5378 1.11e-07 5.23e-09  123.23  108.41   95.61  270.00     6.8
   26.1      248.900      118.433     2.8125     6.5065 1.11e-07 5.19e-09  123.23  108.41   95.61  270.00     6.4
   27.1      249.956      134.250     2.8266     6.4440 1.11e-07 5.16e-09  123.23  108.41   95.61  269.99     6.4
   28.2      251.033      125.160     2.7628     7.0383 1.11e-07 5.19e-09  123.23  108.41   95.61  269.99     6.4
   29.3      252.119      136.840     2.7384     6.8819 1.11e-07 5.18e-09  123.23  108.42   95.61  270.01     6.4
   30.4      253.182      131.790     2.7684     6.5065 1.11e-07 5.26e-09  123.23  108.42   95.61  270.02     6.4
   31.4      254.259      129.192     2.7365     6.6942 1.11e-07 5.32e-09  123.23  108.42   95.61  270.01     6.4
   32.5      255.333      119.653     2.7975     6.2563 1.11e-07 5.26e-09  123.23  108.42   95.61  269.99     6.4
   33.6      256.448      132.657     2.8613     7.0383 1.11e-07 5.19e-09  123.23  108.42   95.61  269.99     6.4
   34.7      257.563      130.846     2.7628     6.5378 1.11e-07 5.26e-09  123.23  108.42   95.61  269.99     6.4
   35.8      258.671      126.573     2.7553     6.5691 1.11e-07 5.19e-09  123.23  108.42   95.61  270.00     6.4
   36.9      259.752      124.801     2.6642     6.8506 1.11e-07 5.19e-09  123.23  108.42   95.61  270.00     6.4
   38.0      260.833      120.537     2.8623     6.9132 1.11e-07 5.25e-09  123.23  108.41   95.61  270.00     6.4
   39.1      261.911      122.541     2.7618     6.3189 1.11e-07 5.31e-09  123.23  108.41   95.61  270.00     6.4
   40.1      262.969      128.082     2.7459     6.5065 1.11e-07 5.26e-09  123.24  108.41   95.61  270.00     6.4
   41.2      264.054      129.922     2.7590     6.7568 1.11e-07 5.32e-09  123.23  108.42   95.61  270.00     6.4
   42.3      265.140      131.826     2.7365     6.1937 1.11e-07 5.27e-09  123.23  108.41   95.61  269.99     6.4
   43.4      266.222      128.258     2.7534     7.0070 1.11e-07 5.19e-09  123.23  108.41   95.61  269.99     6.4
   44.5      267.284      128.313     2.7797     7.1009 1.11e-07 5.18e-09  123.23  108.41   95.61  270.00     6.4
   45.5      268.368      118.495     2.7346     6.8819 1.12e-07 5.25e-09  123.23  108.42   95.61  270.00     6.8
   46.7      269.510      129.836     2.8294     6.7568 1.11e-07 5.19e-09  123.23  108.42   95.61  269.99     6.8
   47.8      270.631      124.705     2.8275     6.7881 1.11e-07 5.24e-09  123.23  108.42   95.61  269.99     6.8
   48.9      271.703      132.934     2.7891     6.4127 1.11e-07 5.33e-09  123.23  108.41   95.61  270.00     6.8
   49.9      272.774      131.227     2.7449     6.7568 1.11e-07 5.25e-09  123.23  108.42   95.61  269.99     6.8
   51.0      273.861      127.501     2.7797     6.7255 1.11e-07 5.17e-09  123.23  108.42   95.61  270.00     6.8
   52.1      274.932      125.986     2.7403     6.6942 1.11e-07 5.18e-09  123.23  108.42   95.61  270.00     6.8
   53.2      276.010      130.099     2.7506     6.6317 1.11e-07 5.19e-09  123.23  108.42   95.61  270.00     6.8
   54.2      277.071      134.225     2.8181     7.0383 1.11e-07 5.18e-09  123.24  108.42   95.61  269.99     6.8
   55.3      278.149      133.337     2.7374     6.9132 1.11e-07 5.23e-09  123.23  108.42   95.61  269.99     6.8
   56.4      279.222      122.184     2.8041     6.4440 1.11e-07 5.33e-09  123.23  108.41   95.61  269.99     6.8
   57.5      280.282      130.040     2.7534     7.0383 1.11e-07 5.27e-09  123.23  108.42   95.61  270.00     6.8
   58.5      281.365      121.343     2.7459     6.3814 1.11e-07 5.19e-09  123.23  108.41   95.61  270.00     6.8
   59.7      282.479      134.227     2.7318     6.0686 1.11e-07 5.27e-09  123.24  108.42   95.61  270.00     6.8
    0.0      414.900      133.715     2.8435     6.0686 1.11e-07 5.30e-09  125.12  109.69  101.83  270.00     4.8
    1.1      415.969      131.008     2.8013     6.0373 1.11e-07 5.37e-09  125.12  109.69  101.83  269.99     4.8
    2.2      417.056      134.475     2.8332     6.0999 1.11e-07 5.36e-09  125.13  109.69  101.83  270.00     4.8
    3.3      418.133      139.506     2.7684     6.5378 1.11e-07 5.40e-09  125.13  109.69  101.83  270.00     5.2
    4.4      419.220      135.620     2.7984     6.0373 1.11e-07 5.48e-09  125.12  109.69  101.84  270.00     5.2
    5.4      420.277      131.448     2.8716     6.7568 1.11e-07 5.39e-09  125.12  109.69  101.83  270.00     5.2
    6.5      421.347      133.086     2.8106     6.2876 1.11e-07 5.35e-09  125.12  109.69  101.82  270.01     5.2
    7.6      422.424      133.777     2.8257     6.9445 1.11e-07 5.31e-09  125.12  109.69  101.83  270.00     5.2
    8.6      423.506      130.085     2.8228     6.1937 1.11e-07 5.34e-09  125.12  109.70  101.83  269.99     5.2
    9.8      424.624      132.571     2.8641     6.3814 1.11e-07 5.28e-09  125.12  109.69  101.83  269.99     5.2
   10.9      425.739      134.805     2.8688     6.1624 1.11e-07 5.40e-09  125.12  109.70  101.83  270.00     5.2
   12.0      426.823      131.498     2.9111     6.7255 1.11e-07 5.48e-09  125.12  109.70  101.83  270.01     5.2
   13.0      427.882      133.595     2.8125     6.5378 1.11e-07 5.41e-09  125.12  109.69  101.83  270.01     5.2
   14.1      428.961      135.613     2.8369     6.1937 1.11e-07 5.37e-09  125.12  109.69  101.83  270.00     5.2
   15.2      430.044      133.739     2.7722     6.3501 1.11e-07 5.44e-09  125.12  109.69  101.83  269.99     5.2
   16.3      431.117      131.797     2.7937     6.3189 1.11e-07 5.33e-09  125.12  109.69  101.83  269.99     5.2
   17.3      432.172      131.663     2.7956     6.3189 1.11e-07 5.32e-09  125.12  109.69  101.83  270.00     5.2
   18.4      433.255      133.213     2.8191     6.2563 1.11e-07 5.33e-09  125.12  109.69  101.83  270.00     5.2
   19.5      434.328      121.321     2.7853     6.2250 1.11e-07 5.50e-09  125.12  109.69  101.84  270.00     5.2
   20.5      435.385      128.377     2.6821     7.2260 1.11e-07 5.38e-09  125.12  109.69  101.83  270.00     5.2
   21.6      436.463      128.734     2.8491     6.3501 1.11e-07 5.35e-09  125.12  109.70  101.83  269.99     5.2
   22.7      437.570      135.831     2.8125     6.2250 1.11e-07 5.40e-09  125.13  109.69  101.83  269.99     5.2
   23.8      438.705      131.150     2.7872     6.6942 1.11e-07 5.34e-09  125.12  109.69  101.83  269.99     5.2
   24.9      439.806      128.394     2.8116     6.3189 1.11e-07 5.32e-09  125.12  109.69  101.83  270.00     5.2
   26.0      440.866      134.231     2.8031     6.2563 1.10e-07 5.40e-09  125.12  109.70  101.83  270.01     5.2
   27.1      441.944      131.080     2.7966     6.1937 1.10e-07 5.48e-09  125.12  109.69  101.83  270.00     5.2
   28.2      443.026      133.941     2.7909     6.3189 1.11e-07 5.39e-09  125.12  109.70  101.83  269.99     5.2
   29.2      444.108      138.311     2.8407     6.1937 1.11e-07 5.43e-09  125.12  109.69  101.83  269.99     5.2
   30.3      445.170      135.180     2.8228     6.2563 1.11e-07 5.41e-09  125.12  109.70  101.83  269.99     5.2
   31.4      446.250      131.488     2.7806     6.2250 1.11e-07 5.35e-09  125.12  109.69  101.83  270.00     5.2
   32.5      447.327      131.154     2.8153     6.0060 1.10e-07 5.32e-09  125.12  109.69  101.83  270.00     5.2
   33.5      448.407      132.731     2.7684     7.0696 1.11e-07 5.38e-09  125.12  109.69  101.83  270.00     5.2
   34.6      449.463      132.416     2.8069     6.2876 1.10e-07 5.43e-09  125.12  109.69  101.83  270.00     5.2
   35.7      450.554      132.979     2.7872     6.3189 1.11e-07 5.38e-09  125.12  109.69  101.83  269.99     5.2
   36.8      451.669      134.654     2.7909     6.0686 1.11e-07 5.43e-09  125.12  109.69  101.83  269.99     5.2
   37.9      452.774      135.960     2.8773     6.1312 1.10e-07 5.42e-09  125.12  109.69  101.83  270.00     5.2
   39.0      453.860      134.938     2.8050     6.2563 1.10e-07 5.32e-09  125.12  109.69  101.83  270.01     5.2
   40.1      454.932      129.474     2.7853     6.4127 1.10e-07 5.32e-09  125.12  109.70  101.83  270.00     5.2
   41.2      456.018      125.093     2.7994     6.3189 1.10e-07 5.35e-09  125.12  109.69  101.83  269.99     5.2
   42.2      457.079      135.858     2.8576     6.6630 1.11e-07 5.34e-09  125.12  109.69  101.83  269.99     5.2
   43.3      458.152      132.743     2.7956     6.3189 1.11e-07 5.36e-09  125.12  109.69  101.83  270.00     4.8
   44.4      459.227      129.242     2.7956     6.6630 1.11e-07 5.45e-09  125.12  109.70  101.83  270.00     4.8
   45.4      460.305      133.412     2.8238     6.1937 1.11e-07 5.42e-09  125.12  109.69  101.83  270.00     4.8
   46.5      461.366      133.562     2.7834     6.3814 1.11e-07 5.33e-09  125.12  109.70  101.83  270.00     4.8
   47.6      462.447      124.716     2.8322     6.9445 1.11e-07 5.31e-09  125.12  109.69  101.83  269.99     4.8
   48.7      463.523      131.637     2.7787     6.4127 1.11e-07 5.33e-09  125.12  109.69  101.83  269.99     4.8
   49.8      464.622      133.934     2.8013     6.1937 1.11e-07 5.28e-09  125.12  109.69  101.83  270.00     4.8
   50.9      465.740      129.240     2.7825     6.3189 1.11e-07 5.37e-09  125.12  109.69  101.83  270.01     4.8
   52.0      466.838      131.351     2.7478     6.5065 1.11e-07 5.43e-09  125.12  109.69  101.83  270.00     4.8
   53.1      467.913      129.178     2.7919     6.8506 1.11e-07 5.41e-09  125.12  109.69  101.83  270.00     4.8
   54.1      468.972      132.331     2.8106     6.1624 1.11e-07 5.41e-09  125.12  109.70  101.83  270.00     5.2
   55.2      470.062      124.543     2.7844     6.3814 1.11e-07 5.44e-09  125.12  109.69  101.83  269.99     5.2
   56.3      471.140      133.146     2.7431     6.4127 1.11e-07 5.32e-09  125.12  109.70  101.83  270.00     5.2
   57.4      472.216      133.572     2.8106     6.2563 1.11e-07 5.30e-09  125.12  109.69  101.83  270.00     5.2
   58.4      473.277      136.919     2.7984     6.2876 1.10e-07 5.33e-09  125.12  109.69  101.83  270.01     5.2
   59.5      474.352      127.354     2.8191     6.2876 1.11e-07 5.42e-09  125.12  109.70  101.84  270.01     5.2
